1	57
2	57
3	57
4	57
5	57
6	57
7	57
8	57
9	57
10	57
11	57
12	57
13	57
14	57
15	57
16	57
17	57
18	57
19	56
20	56
21	56
22	56
23	56
24	56
25	55
26	55
27	55
28	55
29	55
30	55
31	54
32	54
33	54
34	54
35	54
36	39
37	38
38	37
39	36
40	35
41	34
42	34
43	34
44	33
45	34
46	4
47	2
48	2
49	2
50	2
51	2
52	1
53	1
54	1
55	1
56	1
57	1
58	1
59	1
60	1
61	1
62	1
63	1
64	1
65	1
66	1
67	1
68	0
69	0
70	0
71	0
72	0
73	0
74	0
75	0
76	0
77	0
78	0
79	0
80	0
81	0
82	0
83	0
84	0
85	0
86	0
87	0
88	0
89	0
90	0
91	0
92	0
93	0
94	0
95	0
96	0
97	0
98	0
99	0
100	0
101	0
102	0
103	0
104	0
105	0
106	0
107	0
108	0
109	0
110	0
111	0
112	0
113	0
114	0
115	0
116	0
117	0
118	0
119	0
120	0
121	0
122	0
123	0
124	0
125	0
126	0
127	0
128	0
129	0
130	0
131	0
132	0
133	28
134	47
135	55
136	52
137	56
138	56
139	55
140	55
141	55
142	55
143	56
144	57
145	57
146	57
147	58
148	58
149	58
150	57
151	57
152	57
153	57
154	57
155	57
156	33
157	14
158	6
159	6
160	6
161	5
162	1
163	1
164	1
165	1
166	1
167	1
168	1
169	1
170	1
171	1
172	1
173	1
174	1
175	1
176	1
177	1
178	1
179	1
180	1
181	1
182	1
183	1
184	1
185	1
186	7
187	8
188	8
189	8
190	8
191	8
192	8
193	11
194	46
195	46
196	46
197	46
198	53
199	55
200	56
201	56
202	56
203	56
204	56
205	56
206	56
207	49
208	47
209	41
210	40
211	40
212	40
213	40
214	40
215	40
216	40
217	5
218	5
219	5
220	5
221	5
222	5
223	5
224	5
225	5
226	5
227	5
228	5
229	5
230	5
231	5
232	7
233	41
234	41
235	41
236	41
237	7
238	7
239	7
240	7
241	7
242	7
243	7
244	7
245	7
246	7
247	7
248	7
249	7
250	7
251	7
252	7
253	7
254	7
255	7
256	7
257	7
258	7
259	7
260	7
261	7
262	7
263	7
264	7
265	7
266	7
267	8
268	20
269	20
270	20
271	50
272	52
273	53
274	55
275	57
276	59
277	59
278	59
279	59
